<DATE>	<CLOSE>	<VOL>
20131202	1473,56	24197109613
20131203	1448,43	47455857306
20131204	1439,36	43484923092
20131205	1428,71	41406154356
20131206	1448,67	37376374907
20131209	1465,7	37250893488
20131210	1465,93	32342570021
20131211	1462,53	28795704936
20131212	1449,74	36017683007
20131213	1450,2	32308838736
20131216	1472,76	40078766974
20131217	1480,58	35645146523
20131218	1490,86	31635195435
20131219	1500,69	45078955525
20131220	1496,35	36565392186
20131223	1507,85	28684882001
20131224	1508,19	17528516186
20131225	1501,12	12006610828
20131226	1501,83	12027701517
20131227	1494,53	16645782651
20131230	1503,39	18693008151
20140106	1463,75	16899853941
20140108	1462,67	16027208644
20140109	1464,95	20056139248
20140110	1469,39	26014306595
20140113	1477,28	29596722793
20140114	1471,06	31230995484
20140115	1485,77	34588970751
20140116	1480,43	30825691118
20140117	1484,85	31481519788
20140120	1495,94	23823873748
20140121	1503,6	32920309250
20140122	1498,73	42599589813
20140123	1493,79	36924884218
20140124	1492,72	50458496617
20140127	1477,87	46236592629
20140128	1470,83	39833131971
20140129	1463,11	51739848074
20140130	1463,6	52405227882
20140131	1454,05	42264453229
20140203	1440,9	32778246789
20140204	1441,79	35953450593
20140205	1456	32228722826
20140206	1463,96	28543630077
20140207	1478,22	30965552387
20140210	1475,9	23411352583
20140211	1483,57	26102577251
20140212	1498,08	28049402947
20140213	1478,77	28254062183
20140214	1494,32	30474386521
20140217	1507,49	28079414670
20140218	1504,24	29676093042
20140219	1485,6	42334867727
20140220	1480,99	33694582444
20140221	1487,64	23318948666
20140224	1489,01	19772900486
20140225	1478,64	28414020573
20140226	1469,51	35931158697
20140227	1448,7	52734826934
20140228	1444,71	49924435497
20140303	1288,81	1,14797E+11
20140304	1356,54	93980994812
20140305	1351,11	51458666467
20140306	1337,98	73730707234
20140307	1339,36	49801950288
20140311	1308,7	43995018689
20140312	1274,21	51981014351
20140313	1248,56	57982552741
20140314	1237,43	82550968523
20140317	1283,7	92223261770
20140318	1335,86	71329119457
20140319	1319,02	63037171113
20140320	1320,5	42677768542
20140321	1307,34	61637716793
20140324	1297,91	42746229557
20140325	1324,44	52552458215
20140326	1349,39	58184268297
20140327	1331,93	44862038717
20140328	1344,12	38623558833
20140331	1369,29	44009638604
20140401	1375,73	43677890257
20140402	1373,33	40080119279
20140403	1366,04	34651168726
20140404	1382,41	38443658067
20140407	1349,79	56297711554
20140408	1352,33	43914354331
20140409	1348,85	39501266590
20140410	1367,71	41994459771
20140411	1362,4	39604300301
20140414	1344,86	43507706220
20140415	1311,01	41391606206
20140416	1322,6	50484789003
20140417	1329,67	35896730364
20140418	1356,54	28168831213
20140421	1345,04	20143790154
20140422	1335,62	33034264906
20140423	1329,11	29810475925
20140424	1300,54	49874818331
20140425	1280,12	48263358097
20140428	1299,13	57728932367
20140429	1304,78	37894446155
20140430	1306,01	27633273026
20140502	1304,84	15722736384
20140505	1298,29	15961246766
20140506	1318,57	30132972425
20140507	1363,48	59698326165
20140508	1371,42	53087912546
20140512	1375,31	37536188802
20140513	1385,29	44141421463
20140514	1389,11	33917167205
20140515	1381,99	40174867065
20140516	1392,3	33229737990
20140519	1413,85	42096922950
20140520	1425,58	49706788626
20140521	1439,9	60826079053
20140522	1430,54	33777890007
20140523	1438,98	36655049047
20140526	1449,36	26221929164
20140527	1417,32	45006497893
20140528	1425,95	33227619823
20140529	1447,39	36824096831
20140530	1432,03	34649491010
20140602	1464,47	41184593332
20140603	1472,83	35421804972
20140604	1475,79	32306371771
20140605	1470,7	36330897151
20140606	1484,94	38599777176
20140609	1485,39	26374925321
20140610	1490,81	29430518122
20140611	1501,18	26752337561
20140616	1493,93	64386743439
20140617	1486,38	29664844808
20140618	1494,28	33911920376
20140619	1495,09	33365816577
20140620	1486,3	31416741323
20140623	1486,3	27991633367
20140624	1518,83	47131621979
20140625	1481,95	39009853271
20140626	1473,18	33389595355
20140627	1477,32	24506324520
20140630	1476,38	25738557239
20140701	1482,92	24341254952
20140702	1514,33	34704130377
20140703	1514,47	29541346787
20140704	1489,53	25432309583
20140707	1513,72	26447591867
20140708	1516,75	36406962321
20140709	1513,38	28433619876
20140710	1494,92	40593712934
20140711	1499,82	27280591834
20140714	1483,41	25874350380
20140715	1475,77	31348119170
20140716	1474,72	31471423221
20140717	1440,63	46983315494
20140718	1422,53	40042413140
20140721	1384,5	39527909818
20140722	1405,97	35820774896
20140723	1406,58	29647055743
20140724	1408,8	25372742027
20140725	1388,41	29628586311
20140728	1361,94	30461885017
20140729	1369,83	35280719684
20140730	1382,14	38363266132
20140731	1379,61	29121177754
20140801	1374,83	33134471815
20140804	1378,98	26195753576
20140805	1357,89	26258554225
20140806	1334,66	44555802086
20140807	1333,53	46389687389
20140808	1348,21	34479528820
20140811	1372,45	31242120463
20140812	1374,19	30027011620
20140813	1398,85	33763586053
20140814	1407,53	32917275901
20140815	1417,82	26772144978
20140818	1425,18	18156608193
20140819	1437,6	25673186641
20140820	1447,5	25728795150
20140821	1461,75	28439597629
20140822	1446,6	28861993115
20140825	1454,67	17577741392
20140826	1443,32	19706721633
20140827	1447,91	19549941365
20140828	1423,78	43849484690
20140829	1400,71	33201404778
20140901	1392,4	34518068575
20140902	1400,35	20818865093
20140903	1449,29	56947742576
20140904	1457,34	34234449476
20140905	1474,71	37451362820
20140908	1464,76	26433491805
20140909	1468,17	22936789195
20140910	1468,55	19594281049
20140911	1449,63	30806370159
20140912	1458,52	30540111711
20140915	1454,19	36468665661
20140916	1477,31	34534659889
20140917	1449,37	43639537600
20140918	1448,63	26613627505
20140919	1431,58	40511648507
20140922	1412,83	24222820008
20140923	1429,45	25653683539
20140924	1441,83	27112532783
20140925	1436,05	28583336065
20140926	1434,2	27264278974
20140929	1408,28	28044716283
20140930	1411,07	33303774005
20141001	1399,99	28794881658
20141002	1376,35	33543753262
20141003	1384,66	27442688141
20141006	1418,15	30502201300
20141007	1403,48	25197385593
20141008	1379,76	30130451650
20141009	1384,33	31671675951
20141010	1364,24	33138650374
20141013	1383,93	28526206652
20141014	1394,16	28680729591
20141015	1377,09	27114234624
20141016	1360,33	39682859305
20141017	1384,72	30556742952
20141020	1376,36	28265801696
20141021	1383,35	30231469878
20141022	1374,19	30095399433
20141023	1372,92	34303057213
20141024	1380,39	20593290051
20141027	1394,27	29726383684
20141028	1415,51	30758815931
20141029	1439,58	36586717584
20141030	1452,89	49073324158
20141031	1488,47	51863127433
20141103	1491,19	17481520523
20141105	1495,26	35993706175
20141106	1497,46	40485840607
20141107	1497,11	62435787319
20141110	1515,36	36072189835
20141111	1514,78	38459111229
20141112	1513,83	34100235041
20141113	1492,27	39369641894
20141114	1500,76	34296102848
20141117	1507,1	25778674454
20141118	1519,61	37626778528
20141119	1517,97	31482266937
20141120	1530,4	34907988978
20141121	1538,93	36353481324
20141124	1529,54	31750458255
20141125	1529,57	26151147336
20141126	1537,43	30877259958
20141127	1531,69	39939357345
20141128	1533,68	45610410708
20141201	1578,38	62166248251
20141202	1583,12	46843420167
20141203	1606,84	47389306057
20141204	1582,08	59378086980
20141205	1529,2	44052547228
20141208	1481,27	46772419082
20141209	1475,22	43732135318
20141210	1486,85	42337397882
20141211	1455,04	50594982820
20141212	1459,68	51200831401
20141215	1424,99	68027939909
20141216	1444,32	99708892851
20141217	1413,79	79354214527
20141218	1477,27	78761569805
20141219	1449,13	43489211810
20141222	1437,08	50209370839
20141223	1398,2	40711658735
20141224	1401,5	28015719243
20141225	1408,54	23569010203
20141226	1417,8	21938441630
20141229	1432,94	31782008617
20141230	1396,61	26156334473
20150105	1435,66	15320687285
20150106	1480,73	21268814897
20150108	1547,39	35505063516
20150109	1515,37	27223058410
20150112	1513,22	23419055856
20150113	1533,09	33133664935
20150114	1554,46	32105492806
20150115	1563,21	38679500660
20150116	1591,43	30068854489
20150119	1576,4	37167969626
20150120	1570,97	31919504256
20150121	1618,17	31259697570
20150122	1666,56	50131522012
20150123	1671,8	44311526698
20150126	1642,37	36919529789
20150127	1673,92	44461457724
20150128	1647,71	43016957356
20150129	1639,65	38654354336
20150130	1647,69	41682092114
20150202	1625,31	43204113857
20150203	1654,36	36684677691
20150204	1656,02	28406694409
20150205	1696,06	47193997103
20150206	1755,45	54221952383
20150209	1748,55	63280101174
20150210	1742,35	32450702270
20150211	1763,6	38491876240
20150212	1802,8	85319933357
20150213	1838,18	75313894394
20150216	1800,59	36790994748
20150217	1793,82	52881168864
20150218	1809,67	49388542824
20150219	1797,87	47713577864
20150220	1792,7	31928247145
20150224	1772,16	29693757499
20150225	1746,23	34882084448
20150226	1760,66	40878525521
20150227	1758,97	34816153558
20150302	1783,34	28597842943
20150303	1807,7	41033146650
20150304	1759,35	32963701938
20150305	1760,55	42976918874
20150306	1728,55	28339130028
20150310	1665,38	41262700014
20150311	1671,47	36032409936
20150312	1664,7	28247784352
20150313	1627,88	34064154241
20150316	1609,85	35828098909
20150317	1611,69	33791281594
20150318	1632,12	28577123436
20150319	1607,97	34622152099
20150320	1628,64	54299739452
20150323	1602,85	31172311202
20150324	1618,62	28491305662
20150325	1615,5	27484903291
20150326	1581,84	36714811490
20150327	1571,55	28812026020
20150330	1612,84	28725942381
20150331	1626,18	33742251613
20150401	1661,9	38455199985
20150402	1679,24	36856529940
20150403	1681,47	19351904486
20150406	1700,64	22728567010
20150407	1695,64	42156302192
20150408	1683,63	33256561914
20150409	1667,6	54277594144
20150410	1657,02	45171576856
20150413	1678,19	40607797915
20150414	1647,39	35857782278
20150415	1677,7	40037734888
20150416	1686,79	44360086518
20150417	1656,59	46513599503
20150420	1683,24	42410329020
20150421	1710,24	35500021585
20150422	1677,56	36991171384
20150423	1662,64	45687528041
20150424	1682,7	40403690139
20150427	1677,22	30771341743
20150428	1677,89	29507739404
20150429	1670,99	26159937335
20150430	1688,34	28924117712
20150505	1721,8	43125027992
20150506	1714,31	34467683587
20150507	1686,98	31098521960
20150508	1708,52	27195697237
20150512	1704,62	36154421259
20150513	1682,26	34856325968
20150514	1677,57	28121728762
20150515	1691,46	27819799310
20150518	1678,55	24398276737
20150519	1659,36	29501962952
20150520	1636,86	27479614193
20150521	1659,33	33027683176
20150522	1665,66	30634884998
20150525	1655,4	20420948220
20150526	1651,66	28194503099
20150527	1660,98	35786417716
20150528	1657,62	30309010225
20150529	1609,19	48082198702
20150601	1616,94	30875246625
20150602	1643,41	28435405398
20150603	1628,87	36210821998
20150604	1638,07	33645228033
20150605	1652,07	27827873364
20150608	1646,89	28510700896
20150609	1664,01	29188778226
20150610	1653,09	26617250922
20150611	1652,24	27749015557
20150615	1657,29	16553925388
20150616	1668,82	26617346477
20150617	1664,66	24988440340
20150618	1660,14	23118394361
20150619	1663,03	26196350748
20150622	1671,8	25538988011
20150623	1657,23	21998214130
20150624	1651,85	22392108289
20150625	1631,99	19923930891
20150626	1644,45	25595703087
20150629	1634,93	19158469469
20150630	1654,55	28374822458
20150701	1639,7	25085292936
20150702	1641,05	20472966669
20150703	1631,65	14641565563
20150706	1621,27	25053084669
20150707	1614,14	30569367381
20150708	1595	34970227613
20150709	1614,59	24711741425
20150710	1623,99	26147626552
20150713	1642,97	36864576019
20150714	1647,01	32488836341
20150715	1641,22	28224216593
20150716	1652,59	20173536045
20150717	1650,08	22136563101
20150720	1626,76	22460865407
20150721	1635,69	25349323922
20150722	1635,63	26862692731
20150723	1616,14	23062741161
20150724	1595,61	28837860037
20150727	1584,92	35777910902
20150728	1604,5	36511095579
20150729	1622,32	29880161765
20150730	1636,72	26758851204
20150731	1669	38825213612
20150803	1663,74	28020770408
20150804	1674,46	28420615882
20150805	1693,07	32158856424
20150806	1675,71	31888293343
20150807	1690,44	23675267619
20150810	1702,02	26308036402
20150811	1697,87	31498785759
20150812	1697,65	28603044801
20150813	1704,11	26640564079
20150814	1712,47	25961503163
20150817	1707,95	26216456403
20150818	1691,24	22759319652
20150819	1673,86	27424132779
20150820	1695,57	31893911929
20150821	1663,31	31172587927
20150824	1634,14	55532446893
20150825	1658,13	38323733852
20150826	1660,95	33226599969
20150827	1695,22	36548264407
20150828	1719,16	39788854447
20150831	1733,17	31957846027
20150901	1697,99	36516353193
20150902	1690,82	32130359306
20150903	1710,57	28714831441
20150904	1698,16	22594867129
20150907	1701,18	15677356931
20150908	1714,18	20234144144
20150909	1722,43	25665866136
20150910	1718,9	26313587477
20150911	1718,06	20355564692
20150914	1729,75	23254616054
20150915	1716,26	22870828140
20150916	1731,81	31761743733
20150917	1729,2	23027197955
20150918	1710,84	35420051358
20150921	1699,72	24417883513
20150922	1664,25	35910313194
20150923	1640,7	34893774005
20150924	1621,43	35934108194
20150925	1639,64	28866983905
20150928	1616,36	24565309868
20150929	1630,51	24978201787
20150930	1642,97	30818293880
20151001	1626,97	28123517312
20151002	1612,56	25808649289
20151005	1652,47	31964330042
20151006	1670,69	31262998864
20151007	1679,49	45806350106
20151008	1689,32	45815083216
20151009	1728,44	59473358331
20151012	1710,6	39708317518
20151013	1720,81	28711587828
20151014	1723,01	31761495366
20151015	1731,91	33996443767
20151016	1717	36611957731
20151019	1716,08	31353900203
20151020	1722,62	34615935057
20151021	1709,94	32619973850
20151022	1712,1	27704269672
20151023	1725,45	37253440247
20151026	1712,13	38058579778
20151027	1725,89	38391287349
20151028	1726,61	34408752591
20151029	1708,6	27290371003
20151030	1711,53	26566212454
20151102	1735,75	27528642884
20151103	1763,6	38616091650
20151105	1766,28	39011014458
20151106	1754,36	32548113463
20151109	1751,44	24346689110
20151110	1746,94	24785834899
20151111	1740,56	27352629549
20151112	1739,96	27894462264
20151113	1728,17	30416876242
20151116	1739,8	30250393068
20151117	1787,23	51356679699
20151118	1810,48	44452288316
20151119	1811,2	54358055063
20151120	1826,72	34544521129
20151123	1868,07	47433558589
20151124	1810,05	54471301838
20151125	1833,53	36048441250
20151126	1828,3	25940097017
20151127	1795,7	30879408712
20151130	1771,05	37182033644
20151201	1772,97	30147725961
20151202	1770,13	28668714824
20151203	1787,23	31739618819
20151204	1755,22	38557264636
20151207	1741,14	31536716363
20151208	1718,77	40266957457
20151209	1733,78	31168276020
20151210	1732,89	30034822699
20151211	1720,31	27222724797
20151214	1708,7	36354674094
20151215	1742,46	35264056024
20151216	1754,71	27528361110
20151217	1780,97	41887265524
20151218	1719,16	41853667361
20151221	1716,91	27784033639
20151222	1723,35	20336931490
20151223	1747,85	27157609995
20151224	1742,71	23442337367
20151225	1734,21	10322254757
20151228	1731,2	12979267170
20151229	1763,38	22416969693
20151230	1761,36	24135459615
20160104	1734,56	15184059638
20160105	1754,13	18096848155
20160106	1748,57	15863769598
20160111	1682,54	31299887238
20160112	1690,3	32959612040
20160113	1684,78	27040723765
20160114	1680,77	31609765726
20160115	1608,36	50283185458
20160118	1622,43	32366912468
20160119	1645,56	37157904981
20160120	1630,39	39821132337
20160121	1677,19	43326301552
20160122	1717,98	60488647098
20160125	1716,56	34894234976
20160126	1705,01	34002423384
20160127	1747,57	37416392162
20160128	1771,93	49890474263
20160129	1784,92	51457275614
20160201	1773,21	31043356045
20160202	1758,26	38671518377
20160203	1746,35	31399278725
20160204	1787,93	44900362749
20160205	1780,59	28320335549
20160208	1744,27	33814129704
20160209	1723,36	37373681578
20160210	1730,83	32150971589
20160211	1711,58	39462082110
20160212	1726,04	29057999447
20160215	1738,54	24247759999
20160216	1753,86	34532761465
20160217	1770,31	34413040963
20160218	1807,21	41792675530
20160219	1793,37	39618767600
20160220	1790,15	5664688455
20160222	1822,38	20518229824
20160223	1822,38	2147483647
20160224	1797,27	31529049244
20160225	1797,27	36117737702
20160226	1816,73	42036927929
20160229	1840,17	37246813480
20160301	1844,17	33324018991
20160302	1832,84	0
20160303	1858,69	0
20160304	1878,29	0
20160307	1909,57	0
20160309	1883	0
20160310	1884,63	0
20160311	1876,54	0
20160314	1865,31	0
20160315	1855,06	0
20160316	1871,2	0
20160317	1890,79	0
20160318	1914,02	0
20160321	1904,5	0
20160322	1903,47	0
20160323	1879,89	0
20160324	1866,67	0
20160325	1866,23	0
20160328	1849,31	0
20160329	1845,2	0
20160330	1868,1	0
20160331	1871,15	0
20160401	1856,77	0
20160404	1866,64	0
20160405	1857,09	0
20160406	1860,17	0
20160407	1858,85	0
20160408	1877,27	0
20160411	1906,9	0
20160412	1899,26	0
20160413	1932,8	0
20160414	1915,85	0
20160415	1907,78	0
20160418	1892,64	0
20160419	1930,14	0
20160420	1960,18	0
20160421	1950,08	0
20160422	1967,26	0
20160425	1955,47	0
20160426	1946,55	0
20160427	1934,77	0
20160428	1969,89	0
20160429	1953,05	0
20160504	1925,58	0
20160505	1906,48	0
20160506	1901,56	0
20160510	1885,34	0
20160511	1909,05	0
20160512	1901,9	0
20160513	1907,19	0
20160516	1915,33	0
20160517	1909	0
20160518	1917,24	0
20160519	1891,52	0
20160520	1891,33	0
20160523	1868,43	0
20160524	1884,12	0
20160525	1898,75	0
20160526	1914,31	0
20160527	1927,58	0
20160530	1935,54	0
20160531	1899,01	0
20160601	1893,18	0
20160602	1890,78	0
20160603	1886,84	0
20160606	1915,54	0
20160607	1951,26	0
20160608	1951,55	0
20160609	1934,92	29665492694
20160610	1903,61	28777726521
20160614	1885,92	40744702428
20160615	1889,75	37845672069
20160616	1869,78	32471422864
20160617	1877,07	35298457106
20160620	1902,7	23905965961
20160621	1904,02	25623356487
20160622	1896,7	21610632336
20160623	1919,27	25896840624
20160624	1884,41	42616365043
20160627	1841,73	35117877018
20160628	1857,23	29870702867
20160629	1888,15	25498709169
20160630	1891,09	28888012084
20160701	1896,62	19669174916
20160704	1907,48	19533656505
20160705	1895,64	21567078577
20160706	1879,42	26739811593
20160707	1882,41	31628682372
20160708	1894,35	35441247831
20160711	1913,12	28424172954
20160712	1938,36	33035090032
20160713	1935,88	38363975761
20160714	1942,46	33861336650
20160715	1940,85	36466881812
20160718	1936,07	30425666764
20160719	1915,89	32775563013
20160720	1915,09	27902451635
20160721	1927,7	20274446289
20160722	1926,9	17663520714
20160725	1931,78	27254066779
20160726	1938,52	30456088568
20160727	1938,65	27938465894
20160728	1954,45	26728191998
20160729	1944,62	30860260699
20160801	1947,36	24577652412
20160802	1912,69	28399165388
20160803	1919,15	23233306954
20160804	1944,94	24129989572
20160805	1944,31	21406486898
20160808	1956,99	20113294541
20160809	1956,42	22801536967
20160810	1942,67	21488774846
20160811	1952,18	21909224810
20160812	1967,18	23361605096
20160815	1977,28	24312001591
20160816	1975,8	28709861841
20160817	1969,19	25229268898
20160818	1970,07	25565625859
20160819	1959,72	19768199622
20160822	1979,09	20450956430
20160823	1989,51	23113177117
20160824	1983,59	20927683750
20160825	1985,56	30205974337
20160826	1993,35	30444029753
20160829	1986,72	19262464914
20160830	1985,69	22499082585
20160831	1971,59	29285971066
20160901	1976,91	22144993785
20160902	2003,77	27771307189
20160905	2017,38	26492309941
20160906	2039,53	33024111366
20160907	2053,75	39263204255
20160908	2050,77	30940002754
20160909	2028,25	22587475419
20160912	2019,9	30435978233
20160913	2004,5	21810151968
20160914	2004,48	23750715488
20160915	1996,58	28369697323
20160916	1981,96	36183837796
20160919	1986,97	23509153108
20160920	1991,78	22024871194
20160921	1997,67	23034912380
20160922	2025,3	31315037464
20160923	2011,83	26324790043
20160926	1997,94	23793104426
20160927	1975,52	24694472846
20160928	1980,68	22889123570
20160929	1996,12	24935420420
20160930	1978	29629400154
20161003	1986,8	24659115357
20161004	1985,02	22939397746
20161005	1975,85	25902947212
20161006	1983,88	21211360146
20161007	1980,02	26582545057
20161010	2001,1	26690325827
20161011	2001,42	26822042306
20161012	1993,35	25187554322
20161013	1976,37	25155937370
20161014	1966,39	19808342681
20161017	1956,95	22692697600
20161018	1969,11	20980144729
20161019	1967,5	18092691005
20161020	1957,09	19181565453
20161021	1957,7	17455056869
20161024	1962,79	21496951683
20161025	1977,19	25551133600
20161026	1974,81	20519141060
20161027	1979,8	22362176705
20161028	1981,76	17498687429
20161031	1989,64	27818775360
20161101	1996,87	33035003519
20161102	1968,77	37096313710
20161103	1962,71	25324583479
20161107	1952,69	28632761269
20161108	1967,93	24479277446
20161109	2011,58	52718306058
20161110	2044,03	69552539113
20161111	2031,92	45814008381
20161114	2021,99	33026751983
20161115	2017,06	31823349530
20161116	2028,92	31623752273
20161117	2042,76	29562618941
20161118	2038,29	21163067302
20161121	2058,77	24992942683
20161122	2066,18	33323943261
20161123	2085,75	25786548554
20161124	2102,97	31605231600
20161125	2098,15	30965318360
20161128	2094,65	27396639204
20161129	2086,84	2,70034E+12
20161130	2104,91	58334436769
20161201	2121,87	40906963718
20161202	2128,99	33619258981
20161205	2158,33	36015612471
20161206	2152,35	38483809392
20161207	2160,51	28719314262
20161208	2207,02	56852647164
20161209	2208,53	45334270803
20161212	2226,89	69318246274
20161213	2247,02	49010822627
20161214	2229,05	43639101604
20161215	2237,23	61391210785
20161216	2231,41	46994667402
20161219	2215,69	26493505565
20161220	2226,36	28490616452
20161221	2212,33	40851561669
20161222	2174,64	37392540000
20161223	2173,18	25994807359
20161226	2177,86	12072751796
20161227	2189,43	14891010028
20161228	2182,98	23747491439
20161229	2206,33	26111105459
20161230	2232,72	25270883590
20170103	2285,43	35361476775
20170104	2263,9	25110003543
20170105	2220,35	27415124274
20170106	2213,93	20165327203
20170109	2211,25	22482015752
20170110	2237,49	36020856703
20170111	2218,61	36461564415
20170112	2212	2356857806
20170113	2195,19	42466050989
20170116	2189,07	23936262365
20170117	2178,73	28139377671
20170118	2170,09	30577942830
20170119	2162,25	37111133409
20170120	2159,96	31573243736
20170123	2146,09	26168520190
20170124	2174,59	33802172657
20170125	2176	31668116818
20170126	2229,2	43653193710
20170127	2266,05	49995044331
20170130	2234,14	-19031079738
20170131	2217,39	33330303997
20170201	2231,68	28946938830
20170202	2217,56	32135487325
20170203	2226,61	30332628482
20170206	2210,51	28053268013
20170207	2218,77	24378965516
20170208	2189,61	36147621890
20170209	2173,98	37686993129
20170210	2162,19	32483207075
20170213	2161,49	30244774907
20170214	2141,5	29242797430
20170215	2137,08	39741338423
20170216	2148,48	28986630294
20170217	2128,21	30610671678
20170220	2119,09	25017968927
20170221	2127,72	25802257924
20170222	2106,3	31743152868
20170224	2093,09	24248539319
20170228	2035,77	59230525482
20170301	2059,87	35156360450
20170302	2049	39659486462
20170303	2056,89	31462614291
20170306	2047,42	26840317666
20170307	2024,84	34600927950
20170309	1974,24	56369667357
20170310	1973,96	38834557616
20170313	2000,14	27317778869
20170314	2001,25	33708845678
20170315	1992,59	28134110175
20170316	2014,37	49622252909
20170317	2036,96	43408044658
20170320	2042,72	30739790860
20170321	2048,07	34653523262
20170322	2061,53	37041863228
20170323	2051,04	32278458613
20170324	2039,77	21233341858
20170327	2013,16	25919840323
20170328	2032,54	25069436844
20170329	2023,71	21501534788
20170330	2021,88	24820610557
20170331	1995,9	23908791980
20170403	2008,61	20591635070
20170404	2025,69	20589349584
20170405	2056,32	33005042734
20170406	2054,69	22710629637
20170407	2020,23	34864697913
20170410	1971,23	40058371369
20170411	1977,95	32506887352
20170412	1947,88	29979954344
20170413	1944,7	40271297242
20170414	1916,29	12663595568
20170417	1942,72	19625706303
20170418	1920,29	27847626929
20170419	1916,5	25154193665
20170420	1932,17	34345740913
20170421	1944,72	30258091558
20170424	1979,57	35120007104
20170425	1998,41	33295013120
20170426	2026,92	34805951525
20170427	2011,67	39587702578
20170428	2016,71	36350344528
20170502	2026,85	31117806259
20170503	1993,66	35180986733
20170504	1998,87	30938975811
20170505	2002,41	25800797651
20170510	2028,21	31628194140
20170511	2002,54	31574420991
20170512	1994,58	24917567498
20170515	2003,12	31075420850
20170516	1992,94	30635088434
20170517	1994,35	25668959798
20170518	1967,66	40953029940
20170519	1962,4	31187471685
20170522	1950,51	23602706319
20170523	1960,16	27659608068
20170524	1951,98	28695792399
20170525	1947,26	25550829769
20170526	1934,25	30647468029
20170529	1940,77	20422932144
20170530	1932,91	25322211657
20170531	1900,38	71545660505
20170601	1869,66	42283112574
20170602	1881,87	35330749009
20170605	1877,69	23408584007
20170606	1870,04	20948993561
20170607	1868,42	26889290070
20170608	1874,21	33402130491
20170609	1883,34	25386395503
20170613	1861,27	29671134220
20170614	1838,32	36461031355
20170615	1817,82	90850626608
20170616	1822,91	40514022653
20170619	1849,78	26321139977
20170620	1857,96	33485030802
20170621	1850,81	32260874865
20170622	1860,05	32802839592
20170623	1867,46	25091978309
20170626	1860,39	22580884817
20170627	1878,94	26711284361
20170628	1891,98	24870797072
20170629	1881,04	27268675444
20170630	1879,5	31119075504
20170703	1902,59	21689196815
20170704	1917,4	23689847047
20170705	1921,38	27620038524
20170706	1923,22	31039714289
20170707	1912,48	32083641556
20170710	1925,74	28979604237
20170711	1937,64	28624181902
20170712	1954,39	36305532786
20170713	1959,91	36308674211
20170714	1960,69	25452592793
20170717	1959,11	26054621581
20170718	1947,71	28468668592
20170719	1951,89	29405243087
20170720	1946,51	24831080038
20170721	1925,13	24212162259
20170724	1931,75	28107906199
20170725	1923,73	29664231265
20170726	1933,1	25183526803
20170727	1945,12	25403119121
20170728	1916,75	31617475393
20170731	1919,53	32794752904
20170801	1940,14	31002671935
20170802	1965,48	30249728706
20170803	1965,29	26140336130
20170804	1953,49	22707183015
20170807	1970,37	23784276377
20170808	1989,61	27593270851
20170809	1975,91	26564079195
20170810	1960,23	22287880106
20170811	1944,83	31705736112
20170814	1951,75	18662401272
20170815	1950,28	20469517277
20170816	1942,88	32207183200
20170817	1941,52	18614476088
20170818	1930,71	25282259050
20170821	1937,66	20014616930
20170822	1947,4	25904806192
20170823	1958,52	28660843505
20170824	1973,5	29123932717
20170825	1979,14	31208673629
20170828	1987,15	20300626389
20170829	1989,12	30461927222
20170830	2008,88	38389640750
20170831	2022,22	48267718427
20170901	2010,98	30489251493
20170904	2003,32	21225818753
20170905	2004,02	30737265410
20170906	2014,6	32869337151
20170907	2010,17	31634591463
20170908	2032,75	38258005714
20170911	2044,13	36317540552
20170912	2058,8	31288398754
20170913	2054,19	38010560083
20170914	2052,25	31569273510
20170915	2053,81	32001947618
20170918	2059,08	27791911849
20170919	2048,99	28946462606
20170920	2057,53	35396601120
20170921	2060,24	33057559698
20170922	2051,63	28074449954
20170925	2069,11	36034399685
20170926	2071,13	40745873808
20170927	2081,12	29664329304
20170928	2071,64	25543129539
20170929	2077,19	25879486788
20171002	2075,72	23781336284
20171003	2076,81	29271290869
20171004	2077,09	22612073883
20171005	2088,32	31196036315
20171006	2093,86	29518982080
20171009	2096,29	21834093292
20171010	2086,91	20851365341
20171011	2101,07	34018959291
20171012	2094,96	25726422026
20171013	2098,77	27257297401
20171016	2106,39	27713508271
20171017	2092,57	28669238613
20171018	2094,4	31229047361
20171019	2072,73	29049131346
20171020	2071,83	31894760682
20171023	2063,81	25549512657
20171024	2061,79	26577228482
20171025	2049,48	30312496094
20171026	2046,69	25193087908
20171027	2068,76	32978905862
20171030	2065,25	25948134792
20171031	2064,31	28555231309
20171101	2082,73	36089541735
20171102	2073,04	32705382338
20171103	2081,15	31932210910
20171107	2155,55	76163603392
20171108	2163,01	49040305740
20171109	2183,61	61503124362
20171110	2169,26	61081233718
20171113	2167,63	37970412063
20171114	2166,83	46980543848
20171115	2131,75	53484016959
20171116	2132,65	56322547454
20171117	2131,91	33482727850
20171120	2130,39	26205978752
20171121	2155,82	50470600415
20171122	2160,16	33535162036
20171123	2148,56	30659856682
20171124	2161,17	30413023256
20171127	2145,87	24683806656
20171128	2149,45	31474489665
20171129	2124,08	31363188004
20171130	2100,62	78179988738
20171201	2105,99	32254059971
20171204	2119,42	31678170335
20171205	2113,69	25271043801
20171206	2124,12	24167326032
20171207	2103,15	28549119472
20171208	2104,99	23038211567
20171211	2148,6	29259723999
20171212	2160,75	32680518615
20171213	2131,94	36682457089
20171214	2152,41	32875084250
20171215	2143,99	25301869640
20171218	2134,58	27942037281
20171219	2118,16	27080052926
20171220	2102,97	31264522375
20171221	2093,38	34789016707
20171222	2102,94	20918042114
20171225	2105,06	10781756260
20171226	2097,03	11945064397
20171227	2106,17	26561492905
20171228	2102,89	18090090633
20171229	2109,74	14592386145
20180103	2152,97	21076095060
20180104	2197,6	36531245623
20180105	2207,41	25985573299
20180109	2225,39	44389501693
20180110	2232,27	40081917521
20180111	2246,45	35875188920
20180112	2262,38	37106213625
20180115	2261,53	28506021421
20180116	2257,89	34181194406
20180117	2277,89	41081164886
20180118	2297,47	50772584530
20180119	2286,33	40066007461
20180122	2308,61	32826159274
20180123	2298,95	40634954874
20180124	2306,99	33738711190
20180125	2320,03	52938287628
20180126	2295,26	42865841196
20180129	2284,27	43934120262
20180130	2280,36	47971484476
20180131	2289,99	47458773372
20180201	2302,57	47093257988
20180202	2281,84	45939793518
20180205	2276,85	38890404183
20180206	2238,24	64462131912
20180207	2254,64	40989154735
20180208	2227,24	39966166241
20180209	2197,12	56590762464
20180212	2220,12	34667140420
20180213	2250,63	36305983680
20180214	2257,95	42712377583
20180215	2265,45	44459857653
20180216	2255,27	57144044446
20180219	2254,92	31273799300
20180220	2270,12	37342072100
20180221	2320,32	52795619960
20180222	2336,82	53281227217
20180226	2353,16	59681509646
20180227	2341,89	37110806981
20180228	2296,8	48353151858
20180301	2297,9	43719292859
20180302	2288,84	39527790205
20180305	2309,53	30064306469
20180306	2303,32	41872699381
20180307	2291,23	40670500816
20180309	2311,69	24586686701
20180312	2318,01	29406900153
20180313	2319,38	35139312431
20180314	2275,24	45756038087
20180315	2272,49	56858203391
20180316	2294,6	53085050121
20180319	2281,72	34531469181
20180320	2291,18	42412581711
20180321	2309,36	45162819673
20180322	2285,76	37215174125
20180323	2285,53	40364094708
20180326	2240,85	39513731034
20180327	2262,5	33896290327
20180328	2249,23	33572493218
20180329	2274,62	33139009788
20180330	2270,98	9477762846
20180402	2256,64	24731128865
20180403	2263,85	33010239571
20180404	2265,6	34553316437
20180405	2296,25	37766035317
20180406	2281,23	34944219002
20180409	2090,88	1,50204E+11
20180410	2173,76	1,24043E+11
20180411	2192,15	97592338300
20180412	2210,05	71314150700
20180413	2175,16	65417234616
20180416	2143,67	72616341730
20180417	2191,19	66798295132
20180418	2241,49	76806200849
20180419	2230,55	59470439803
20180420	2232,66	31901961619
20180423	2250,99	63447445890
20180424	2253,77	46142806069
20180425	2253,5	40777232639
20180426	2286,02	45975451684
20180427	2301,49	45539771826
20180428	2297,3	6207773410
20180430	2307,02	25312081263
20180502	2306,42	32611287967
20180503	2274,07	44005292615
20180504	2289,47	29134920375
20180507	2297,12	23341193347
20180508	2301,99	35537935402
20180510	2312,92	44521731189
20180511	2345,26	41316398081
20180514	2357,62	31886758140
20180515	2337,03	44743693214
20180516	2338,39	49050292350
20180517	2323,51	36187090416
20180518	2326,94	35573995529
20180521	2332,63	28823716152
20180522	2326,87	28572359334
20180523	2295,57	32222355534
20180524	2294,01	30395213376
20180525	2306,57	36013728554
20180528	2311,28	15944786960
20180529	2298	32005810851
20180530	2297,6	36789811403
20180531	2302,88	72455908825
20180601	2295,34	30992079662
20180604	2323,64	26747618650
20180605	2318,23	38666583162
20180606	2315,45	28878723215
20180607	2316,07	26158374455
20180608	2267,92	45882925501
20180609	2281,51	3836924405
20180610	2281,51	0
20180611	2271,74	18541264496
20180613	2270,73	34112296130
20180614	2253,48	30274715001
20180615	2237,53	39005967477
20180618	2222,56	35216571494
20180619	2221,42	41548383292
20180620	2256,27	41441731501
20180621	2245,94	42440145102
20180622	2249,68	42578120343
20180625	2236,65	32559955747
20180626	2231,03	27829118843
20180627	2253,6	38166031297
20180628	2250,26	32903511208
20180629	2295,95	43129452214
20180702	2319,31	37968961509
20180703	2301,65	26549298775
20180704	2304,06	18501372052
20180705	2346,86	38556456314
20180706	2345,38	34371043039
20180709	2373,17	32654928783
20180710	2365,17	36236043236
20180711	2336,15	38450820046
20180712	2322,06	31609016309
20180713	2346,43	27780823504
20180716	2334,18	31527048878
20180717	2310,92	35884307790
20180718	2294,78	35900582680
20180719	2269,45	45942372516
20180720	2247,82	47233544788
20180723	2261,25	27733235485
20180724	2278,3	27847775733
20180725	2282,84	35315719812
20180726	2293,07	33130073215
20180727	2292,72	26609287256
20180730	2295,72	519508384
20180731	2321,11	35119566814
20180801	2315,18	26333344432
20180802	2295,15	31837651496
20180803	2297,99	36301662534
20180806	2299,88	29078761048
20180807	2312,19	33124676608
20180808	2293,01	55919027605
20180809	2309,58	65707960045
20180810	2275,05	55652069396
20180813	2285,61	49841536275
20180814	2282,88	41414851738
20180815	2267,13	41308786642
20180816	2261,09	27784927409
20180817	2255,12	24700335707
20180820	2272,49	24020335122
20180821	2291,76	26052281483
20180822	2297,06	33523925785
20180823	2260,04	50146168726
20180824	2279,76	45117580020
20180827	2312,93	24758900149
20180828	2316,28	28140874689
20180829	2348,44	29417341670
20180830	2330,92	34634950998
20180831	2345,85	31544256257
20180903	2346,08	16984179920
20180904	2336,38	26425382774
20180905	2321,33	26141343285
20180906	2320,65	29646878636
20180907	2321,82	32670059995
20180910	2335,85	34514794889
20180911	2335,19	44050812075
20180912	2340,63	40218912052
20180913	2357,32	58935651832
20180914	2360,26	40902679979
20180917	2373,75	33667666268
20180918	2402,58	42138828795
20180919	2404,42	41072771599
20180920	2400,89	78554783175
20180921	2426,8	42978921958
20180924	2430,01	38325790113
20180925	2444,22	41597933305
20180926	2427,29	37184779240
20180927	2474,57	60380653372
20180928	2475,36	52113681519
20181001	2472,22	34671183344
20181002	2449,7	36790896438
20181003	2493,91	49917202577
20181004	2465,03	49410547715
20181005	2450,9	43668542925
20181008	2454,28	35427421797
20181009	2443,83	43434513039
20181010	2417,69	42298071426
20181011	2366,47	60349852497
20181012	2403,02	35201152074
20181015	2389,05	28076383835
20181016	2417,26	33705253286
20181017	2411,42	35869645218
20181018	2378,62	30817151093
20181019	2344,79	46639001010
20181022	2308,56	44652064472
20181023	2305,58	53010855003
20181024	2336,49	79163935268
20181025	2331,59	46534534439
20181026	2293,22	40726161495
20181029	2317,06	30789249079
20181030	2299,98	33102965089
20181031	2352,71	40437425487
20181101	2359,33	40437475898
20181102	2377,95	38123502389
20181106	2412,31	37900124822
20181107	2445,34	48898088238
20181108	2438,62	43655024418
20181109	2403,47	48419017315
20181112	2393,81	34152730436
20181113	2374,94	44330355763
20181114	2378,59	49144655065
20181115	2381,45	35261635867
20181116	2372,67	32687415940
20181119	2373,78	30717170181
20181120	2341,6	36964348122
20181121	2357,97	34730902207
20181122	2369,53	26314234412
20181123	2342,97	34432642081
20181126	2308,5	54332953137
20181127	2338,71	42285635155
20181128	2381,12	45897758221
20181129	2398,56	50814138745
20181130	2392,5	38471533948
20181203	2441,19	52441577468
20181204	2443,38	40442645882
20181205	2445,55	33933154753
20181206	2412,31	39963838272
20181207	2431,29	42554020342
20181210	2396,84	33390001203
20181211	2394,26	35151485621
20181212	2370,35	34084868146
20181213	2378,5	32206789538
20181214	2365,69	30033157760
20181217	2359,13	29749112531
20181218	2350,29	44721501607
20181219	2358,58	36660622593
20181220	2352,88	46974905347
20181221	2347,17	44325417892
20181224	2322,27	19330544476
20181225	2290,86	18561229588
20181226	2308,85	14946480535
20181227	2327,81	28111243381
20181228	2358,5	23673897498
20181229	2369,33	5558291496
20190103	2375,6	23065788705
20190104	2406,5	19959820960
20190108	2389,69	26939659761
20190109	2414,13	36438416186
20190110	2434,15	34451721995
20190111	2444,45	36424668133
20190114	2440,15	23439359445
20190115	2439,55	33635616939
20190116	2434,6	32907264250
20190117	2447,64	37213378398
20190118	2473,61	37820541643
20190121	2468,25	26991302001
20190122	2468,73	33716589106
20190123	2491,49	39470414561
20190124	2482,71	49338802888
20190125	2498,23	33976676965
20190128	2476,81	33484046715
20190129	2498,35	36139908091
20190130	2511,86	37518582254
20190131	2521,1	49213875975
20190201	2521,7	35065274603
20190204	2523,52	26735197993
20190205	2547,27	31797859136
20190206	2539,73	29001686984
20190207	2509,89	38004832275
20190208	2502,82	29567612063
20190211	2510,22	29342767885
20190212	2533,32	35489709407
20190213	2485,76	47947396767
20190214	2460,82	67123856506
20190215	2490,16	39844301018
20190218	2472,41	34132355469
20190219	2458,55	32660348400
20190220	2487,82	36870678117
20190221	2470,23	34041725238
20190222	2488,63	25275826319
20190225	2494,63	35735569766
20190226	2494,02	31084467579
20190227	2490,65	32322738220
20190228	2485,27	39629723474
20190301	2478,01	28260360891
20190304	2473,79	24422972573
20190305	2466,23	29496259851
20190306	2494,04	33571749209
20190307	2476,64	30847186081
20190311	2465,94	32602490875
20190312	2468,25	28723043709
20190313	2470,61	43732949435
20190314	2457,79	33427534320
20190315	2476,73	26077556505
20190318	2483,7	32457707513
20190319	2493,28	31439073560
20190320	2504,23	35444167458
20190321	2507,81	48940206032
20190322	2492,7	31444798853
20190325	2497,59	45183821470
20190326	2512,63	39676577286
20190327	2487,48	38964810548
20190328	2492,4	30731748797
20190329	2497,1	43910790280
20190401	2521,25	35087812349
20190402	2527,77	33296594199
20190403	2532,32	47180753522
20190404	2535,5	34238890327
20190405	2540,99	36421477031
20190408	2560,07	38456539062
20190409	2570,28	55676482740
20190410	2578,58	64251478341
20190411	2551,45	52873386571
20190412	2559,72	43951498042
20190415	2545,12	29718578011
20190416	2559,84	46613245041
20190417	2568,26	39274050192
20190418	2560,8	29544889062
20190419	2563,9	8587688322
20190422	2584,74	20973319508
20190423	2587,48	37643056664
20190424	2579,05	34573260674
20190425	2560,94	48525675409
20190426	2563,72	43572408109
20190429	2569,83	29659672341
20190430	2559,32	42124534042
20190502	2575,22	26398021869
20190503	2580,95	29668998422
20190506	2579,75	26022038505
20190507	2565,1	36068048166
20190508	2544,43	31553595639
20190510	2514,87	32539558434
20190513	2508,87	34323742686
20190514	2562,33	82182216496
20190515	2554,49	66054807596
20190516	2581,11	61654223129
20190517	2577,48	40720982139
20190520	2571,65	34176859445
20190521	2616,53	56403537555
20190522	2638,71	45253827797
20190523	2618,61	49747781733
20190524	2619,24	47877297788
20190527	2632,95	23530867382
20190528	2609,78	98945517838
20190529	2641,15	49106817280
20190530	2659,52	47216735525
20190531	2665,33	44693230156
20190603	2729,93	97976285815
20190604	2706,29	70439133522
20190605	2701,84	45164978846
20190606	2728,25	50735942371
20190607	2729,61	54064789996
20190610	2742,59	46566321728
20190611	2751,75	62709372954
20190613	2758,36	57421078682
20190614	2739,28	45550209632
20190617	2734,31	43818275359
20190618	2761,69	46177918076
20190619	2759,12	39841689277
20190620	2780,2	71303677857
20190621	2761,23	44826604168
20190624	2762,65	30592428942
20190625	2753,96	34638511345
20190626	2775,14	38806941310
20190627	2779,66	37902608243
20190628	2765,85	41769434619
20190701	2801,47	55325833342
20190702	2809,81	35327149974
20190703	2823,95	45405020132
20190704	2842,78	46950645942
20190705	2835,35	44191358354
20190708	2822,55	40589081211
20190709	2822,66	35414060387
20190710	2822,75	46408347141
20190711	2789,66	44487900680
20190712	2777,58	38423366017
20190715	2756,44	39047746043
20190716	2755,88	41461661397
20190717	2713,17	40758123472
20190718	2702,59	30516614440
20190719	2700,57	31167962584
20190722	2684,25	33298774651
20190723	2701,06	34134506817
20190724	2682,91	33918482808
20190725	2701,02	69073047387
20190726	2715,68	73825365556
20190729	2728,27	34389125864
20190730	2734,68	39132766334
20190731	2739,5	46183249195
20190801	2729,42	40678706466
20190802	2674,9	64541974469
20190805	2649,16	49998128898
20190806	2683,35	47612187589
20190807	2674,98	49041190263
20190808	2696,69	39678960853
20190809	2679,71	32686121043
20190812	2689,93	28453904405
20190813	2680,12	45413014687
20190814	2637,04	46870223317
20190815	2625,58	47696518593
20190816	2615,2	34790182695
20190819	2648,09	41508646386
20190820	2672,84	41833885322
20190821	2673,95	35687208432
20190822	2675,13	37929633437
20190823	2660,74	39340472307
20190826	2658,24	25136294862
20190827	2659,35	68464614910
20190828	2677,31	43582864484
20190829	2714,25	47041546243
20190830	2740,04	54743444560
20190902	2773,01	44975843551
20190903	2774,2	69135038021
20190904	2793,36	67735228289
20190905	2807,06	61951409293
20190906	2797,55	41138898648
20190909	2786,63	30105613162
20190910	2787,52	46262429644
20190911	2817,05	48054463895
20190912	2799,99	56544628524
20190913	2791,74	38382003002
20190916	2834,32	65049241158
20190917	2820,86	62146876445
20190918	2818,6	37671896359
20190919	2794,77	49313606753
20190920	2796,41	30772974305
20190923	2780,05	26812206820
20190924	2754,53	40017599718
20190925	2760,29	39058736761
20190926	2772,7	37187282318
20190927	2757,98	23497415582
20190930	2747,18	34819037706
20191001	2758,83	38367426637
20191002	2719,39	43551257887
20191003	2707,47	43344823777
20191004	2692,55	33691774673
20191007	2719,22	33400560149
20191008	2707,89	32965289155
20191009	2713,02	35757950334
20191010	2721,51	31658613166
20191011	2708,07	48699135961
20191014	2697,46	36494400353
20191015	2715,26	42314957227
20191016	2744,35	56833890000
20191017	2748,64	44967643666
20191018	2752,91	37356608769
20191021	2761,15	43161679601
20191022	2802,23	55307841355
20191023	2821,58	61075225027
20191024	2877,05	75485794925
20191025	2873,41	76453278579
20191028	2856,91	72388336295
20191029	2886,48	69916634559
20191030	2911,15	73012112380
20191031	2893,98	74972930699
20191101	2930,4	55876937524
20191105	2949,55	58231346075
20191106	2980,84	55687574351
20191107	3008,54	66187325116
20191108	2973,19	51139297570
20191111	2961,46	52265140824
20191112	2951,16	62686619719
20191113	2933,89	57048154025
20191114	2922,45	73661854887
20191115	2934,82	56573349968
20191118	2924,48	57563015707
20191119	2941,69	52625366958
20191120	2936,47	80771811290
20191121	2942,6	85052547946
20191122	2947,68	55892162749
20191125	2955,32	39224030391
20191126	2930,62	87286376988
20191127	2929,05	41768925555
20191128	2927,57	32904617965
20191129	2935,37	44118054573
20191202	2921,18	56256810740
20191203	2883,48	56001063840
20191204	2900,66	46424481795
20191205	2899,29	44862391520
20191206	2928,76	43574389618
